185,185
190,190
261,261
466,466
537,537
545,545
563,563
574,574
629,629
710,710
940,940
974,974
1080,1080
1155,1155
1251,1251
1293,1293
1356,1356
1369,1369
1384,1384
1545,1545
1589,1589
1674,1674
1699,1699
2009,2009
2040,2040
2111,2111
2266,2266
2786,2786
3077,3077
3096,3096
3142,3142
3298,3298
3403,3403
3593,3593
4104,4104
4226,4226
4340,4340
4483,4483
4622,4622
4685,4685
4826,4826
4965,4965
4975,4975
5141,5141
5142,5142
5159,5159
5404,5404
5467,5467
5487,5487
5618,5618
5619,5619
5625,5625
5631,5631
5653,5653
5655,5655
5657,5657
5681,5681
5711,5711
5741,5741
5765,5765
5768,5768
5785,5785
5791,5791
5837,5837
5847,5847
5869,5869
5873,5873
5886,5886
5887,5887
5892,5892
5904,5904
5905,5905
5926,5926
5940,5940
5974,5974
5983,5983
5987,5987
6009,6009
6015,6015
6025,6025
6076,6076
6079,6079
6099,6099
6100,6100
6107,6107
6144,6144
6151,6151
6178,6178
6179,6179
6204,6204
6217,6217
6219,6219
6246,6246
6259,6259
6264,6264
6285,6285
6304,6304
6314,6314
6346,6346
6350,6350
6363,6363
6376,6376
6383,6383
6384,6384
6394,6394
6433,6433
6455,6455
6490,6490
6497,6497
6509,6509
6533,6533
6550,6550
6559,6559
6562,6562
6568,6568
6583,6583
6628,6628
6650,6650
6666,6666
6672,6672
6690,6690
6691,6691
6735,6735
6754,6754
6775,6775
6780,6780
6803,6803
6841,6841
6849,6849
6852,6852
6858,6858
6870,6870
6921,6921
6952,6952
6957,6957
6968,6968
6973,6973
6977,6977
6994,6994
7013,7013
7049,7049
7060,7060
7072,7072
7073,7073
7080,7080
7084,7084
7091,7091
7118,7118
7139,7139
7154,7154
7162,7162
7163,7163
7173,7173
7179,7179
7188,7188
7228,7228
7231,7231
7237,7237
7239,7239
7256,7256
7263,7263
7265,7265
7272,7272
7276,7276
7289,7289
7313,7313
7314,7314
7334,7334
7351,7351
7352,7352
7364,7364
7385,7385
7418,7418
7425,7425
7449,7449
7468,7468
7472,7472
7484,7484
7493,7493
7503,7503
7518,7518
7526,7526
7551,7551
7592,7592
7598,7598
7600,7600
7612,7612
7630,7630
7631,7631
7637,7637
7657,7657
7668,7668
7709,7709
7712,7712
7728,7728
7732,7732
7758,7758
7774,7774
7793,7793
7806,7806
7808,7808
7814,7814
7819,7819
7822,7822
7834,7834
7858,7858
7863,7863
7905,7905
7920,7920
7923,7923
7937,7937
7943,7943
7945,7945
7979,7979
7989,7989
8040,8040
8082,8082
8093,8093
8109,8109
8115,8115
8120,8120
8130,8130
8138,8138
8148,8148
8154,8154
8171,8171
8172,8172
8178,8178
8198,8198
8203,8203
8213,8213
8227,8227
8237,8237
8284,8284
8302,8302
8315,8315
8316,8316
8324,8324
8339,8339
8340,8340
8378,8378
8401,8401
8432,8432
8477,8477
8482,8482
8524,8524
8532,8532
8544,8544
8552,8552
8562,8562
8563,8563
8566,8566
8567,8567
8591,8591
8595,8595
8607,8607
8613,8613
8615,8615
8619,8619
8621,8621
8634,8634
8637,8637
8655,8655
8661,8661
8664,8664
8686,8686
8690,8690
8691,8691
8721,8721
8731,8731
8758,8758
8809,8809
8813,8813
8829,8829
8846,8846
8853,8853
8857,8857
8861,8861
8867,8867
8882,8882
8891,8891
8895,8895
8898,8898
8913,8913
8927,8927
8929,8929
8935,8935
8945,8945
8959,8959
8961,8961
8983,8983
9003,9003
9009,9009
9016,9016
9042,9042
9058,9058
9059,9059
9079,9079
9084,9084
9096,9096
9105,9105
9127,9127
9132,9132
9135,9135
9137,9137
9177,9177
9196,9196
9202,9202
9223,9223
9232,9232
9240,9240
9246,9246
9269,9269
9270,9270
9278,9278
9293,9293
9310,9310
9327,9327
9352,9352
9380,9380
9393,9393
9409,9409
9411,9411
9429,9429
9430,9430
9431,9431
9433,9433
9465,9465
9474,9474
9490,9490
9505,9505
9509,9509
9529,9529
9557,9557
9562,9562
9578,9578
9579,9579
9584,9584
9595,9595
9597,9597
9655,9655
9657,9657
9675,9675
9684,9684
9694,9694
9698,9698
9716,9716
9725,9725
9728,9728
9758,9758
9778,9778
9781,9781
9782,9782
9790,9790
9795,9795
9798,9798
9804,9804
9833,9833
9851,9851
9860,9860
9863,9863
9872,9872
9883,9883
9892,9892
9896,9896
9905,9905
9920,9920
9924,9924
9931,9931
9936,9936
9942,9942
9955,9955
9966,9966
9988,9988
10008,10008
10010,10010
10026,10026
10039,10039
10044,10044
10070,10070
10110,10110
10112,10112
10133,10133
10140,10140
10156,10156
10165,10165
10193,10193
10209,10209
10214,10214
10250,10250
10255,10255
10316,10316
10319,10319
10324,10324
10392,10392
10395,10395
10398,10398
10411,10411
10423,10423
10452,10452
10465,10465
10469,10469
10497,10497
10529,10529
10586,10586
10594,10594
10598,10598
10603,10603
10622,10622
10624,10624
10655,10655
10675,10675
10697,10697
10733,10733
10738,10738
10790,10790
10801,10801
10818,10818
10829,10829
10831,10831
10846,10846
10849,10849
10873,10873
10875,10875
10877,10877
10880,10880
10901,10901
10925,10925
10937,10937
10946,10946
10947,10947
10970,10970
10971,10971
10978,10978
10986,10986
10987,10987
10988,10988
10994,10994
11007,11007
11020,11020
11032,11032
11033,11033
11046,11046
11060,11060
11074,11074
11083,11083
11122,11122
11124,11124
11133,11133
11145,11145
11148,11148
11160,11160
11163,11163
11165,11165
11169,11169
11174,11174
11185,11185
11244,11244
11262,11262
11268,11268
11274,11274
11283,11283
11288,11288
11299,11299
11300,11300
11322,11322
11397,11397
11479,11479
11506,11506
11515,11515
11690,11690
11890,11890
11927,11927
12147,12147
12253,12253
12356,12356
12411,12411
12782,12782
12802,12802
12875,12875
12986,12986
13039,13039
13147,13147
13269,13269
13345,13345
13351,13351
13439,13439
13503,13503
13523,13523
13674,13674
13677,13677
13778,13778
13784,13784
13910,13910
14086,14086
14175,14175
14447,14447
14534,14534
14559,14559
14602,14602
14616,14616
14647,14647
14725,14725
14774,14774
15108,15108
15380,15380
15617,15617
15690,15690
15743,15743
16109,16109
16171,16171
16239,16239
16342,16342
16359,16359
16432,16432
16437,16437
16547,16547
16565,16565
16715,16715
16835,16835
16938,16938
16979,16979
17092,17092
17100,17100
17111,17111
17131,17131
17141,17141
17176,17176
17187,17187
17223,17223
17234,17234
17271,17271
17272,17272
17302,17302
17316,17316
17339,17339
17369,17369
17406,17406
17414,17414
17417,17417
17441,17441
17481,17481
17496,17496
17499,17499
17517,17517
17527,17527
17530,17530
17574,17574
17603,17603
17613,17613
17633,17633
17641,17641
17648,17648
17657,17657
17688,17688
17693,17693
17708,17708
17747,17747
17751,17751
17754,17754
17778,17778
17792,17792
17802,17802
17831,17831
17852,17852
17853,17853
17856,17856
17866,17866
17878,17878
17892,17892
17910,17910
17911,17911
17925,17925
17926,17926
17934,17934
17969,17969
17971,17971
17981,17981
17987,17987
17993,17993
18000,18000
18001,18001
18007,18007
18027,18027
18036,18036
18048,18048
18053,18053
18072,18072
18082,18082
18101,18101
18106,18106
18130,18130
18140,18140
18143,18143
18167,18167
18178,18178
18180,18180
18191,18191
18195,18195
18212,18212
18216,18216
18267,18267
18270,18270
18283,18283
18302,18302
18305,18305
18308,18308
18317,18317
18323,18323
18342,18342
18353,18353
18358,18358
18368,18368
18377,18377
18386,18386
18418,18418
18425,18425
18443,18443
18455,18455
18467,18467
18478,18478
18484,18484
18485,18485
18494,18494
18514,18514
18515,18515
18520,18520
18537,18537
18547,18547
18590,18590
18597,18597
18599,18599
18632,18632
18638,18638
18648,18648
18663,18663
18664,18664
18679,18679
18695,18695
18723,18723
18730,18730
18735,18735
18745,18745
18773,18773
18798,18798
18833,18833
18836,18836
18842,18842
18852,18852
18869,18869
18879,18879
18881,18881
18886,18886
18898,18898
18924,18924
18929,18929
18938,18938
18956,18956
18965,18965
18968,18968
18977,18977
19033,19033
19035,19035
19049,19049
19055,19055
19082,19082
19100,19100
19163,19163
19186,19186
19188,19188
19197,19197
19213,19213
19253,19253
19264,19264
19265,19265
19270,19270
19290,19290
19300,19300
19302,19302
19306,19306
19319,19319
19389,19389
19420,19420
19434,19434
19471,19471
19518,19518
19562,19562
19563,19563
19611,19611
19612,19612
19634,19634
19683,19683
19685,19685
19692,19692
19717,19717
19718,19718
19738,19738
19751,19751
19783,19783
19791,19791
19802,19802
19841,19841
19846,19846
19847,19847
19866,19866
19879,19879
19881,19881
19884,19884
19885,19885
19909,19909
19940,19940
19960,19960
19971,19971
19979,19979
19992,19992
20013,20013
20037,20037
20048,20048
20055,20055
20081,20081
20083,20083
20086,20086
20096,20096
20105,20105
20124,20124
20146,20146
20179,20179
20215,20215
20216,20216
20217,20217
20225,20225
20251,20251
20261,20261
20275,20275
20278,20278
20315,20315
20326,20326
20366,20366
20371,20371
20374,20374
20394,20394
20406,20406
20416,20416
20422,20422
20446,20446
20504,20504
20506,20506
20518,20518
20526,20526
20554,20554
20585,20585
20586,20586
20597,20597
20624,20624
20629,20629
20658,20658
20663,20663
20667,20667
20669,20669
20720,20720
20755,20755
20767,20767
20769,20769
20781,20781
20790,20790
20835,20835
20836,20836
20844,20844
20900,20900
20901,20901
20913,20913
20914,20914
20923,20923
20930,20930
20932,20932
20979,20979
21017,21017
21040,21040
21047,21047
21054,21054
21084,21084
21086,21086
21098,21098
21129,21129
21130,21130
21132,21132
21134,21134
21148,21148
21153,21153
21170,21170
21171,21171
21183,21183
21187,21187
21208,21208
21209,21209
21215,21215
21219,21219
21223,21223
21228,21228
21234,21234
21268,21268
21269,21269
21289,21289
21300,21300
21322,21322
21332,21332
21336,21336
21364,21364
21397,21397
21402,21402
21415,21415
21432,21432
21458,21458
21462,21462
21465,21465
21467,21467
21485,21485
21487,21487
21520,21520
21523,21523
21527,21527
21536,21536
21582,21582
21601,21601
21615,21615
21619,21619
21626,21626
21628,21628
21636,21636
21646,21646
21654,21654
21660,21660
21667,21667
21670,21670
21684,21684
21719,21719
21755,21755
21820,21820
21821,21821
21823,21823
21837,21837
21868,21868
21888,21888
21909,21909
21910,21910
21916,21916
21918,21918
21928,21928
21940,21940
21949,21949
21958,21958
21963,21963
21990,21990
21998,21998
22007,22007
22010,22010
22029,22029
22030,22030
22039,22039
22059,22059
22101,22101
22116,22116
22130,22130
22133,22133
22135,22135
22137,22137
22166,22166
22203,22203
22205,22205
22208,22208
22211,22211
22230,22230
22240,22240
22280,22280
22341,22341
22366,22366
22370,22370
22390,22390
22425,22425
22443,22443
22459,22459
22463,22463
22490,22490
22506,22506
22537,22537
22550,22550
22558,22558
22560,22560
22612,22612
22613,22613
22618,22618
22629,22629
22636,22636
22641,22641
22646,22646
22650,22650
22675,22675
22679,22679
22684,22684
22694,22694
22705,22705
22706,22706
22722,22722
22745,22745
22754,22754
22757,22757
22779,22779
22813,22813
22819,22819
22822,22822
22853,22853
22862,22862
22877,22877
22881,22881
22905,22905
22984,22984
22992,22992
23023,23023
23036,23036
23077,23077
23096,23096
23116,23116
23133,23133
23137,23137
23142,23142
23235,23235
23255,23255
23270,23270
23271,23271
23294,23294
23319,23319
23324,23324
23326,23326
23360,23360
23371,23371
23378,23378
23396,23396
23399,23399
23403,23403
23418,23418
23430,23430
23431,23431
23439,23439
23440,23440
23441,23441
23465,23465
23467,23467
23476,23476
23477,23477
23491,23491
23504,23504
23517,23517
23537,23537
23540,23540
23555,23555
23561,23561
23562,23562
23577,23577
23585,23585
23589,23589
23598,23598
23613,23613
23637,23637
23640,23640
23659,23659
23665,23665
23688,23688
23697,23697
23719,23719
23721,23721
23725,23725
23755,23755
23770,23770
23789,23789
23790,23790
23796,23796
23830,23830
23837,23837
23838,23838
23853,23853
23858,23858
23890,23890
23899,23899
23901,23901
23919,23919
23943,23943
23946,23946
23975,23975
23989,23989
24007,24007
24016,24016
24023,24023
24041,24041
24042,24042
24065,24065
24069,24069
24079,24079
24087,24087
24103,24103
24112,24112
24144,24144
24166,24166
24196,24196
24253,24253
24534,24534
24678,24678
24688,24688
24882,24882
24999,24999
25146,25146
25162,25162
25241,25241
25296,25296
25355,25355
25648,25648
25671,25671
25948,25948
25958,25958
26081,26081
26144,26144
26434,26434
26439,26439
26662,26662
26681,26681
26779,26779
26919,26919
26968,26968
26994,26994
27166,27166
27459,27459
27505,27505
27552,27552
27588,27588
27663,27663
27680,27680
27762,27762
27768,27768
27820,27820
27890,27890
27989,27989
28006,28006
28031,28031
28052,28052
28148,28148
28191,28191
28280,28280
28454,28454
28504,28504
28515,28515
28575,28575
28630,28630
