34,34
38,38
54,54
85,85
96,96
99,99
100,100
106,106
116,116
140,140
148,148
160,160
168,168
189,189
204,204
218,218
227,227
232,232
260,260
289,289
320,320
375,375
416,416
465,465
480,480
503,503
505,505
514,514
523,523
531,531
538,538
544,544
548,548
601,601
620,620
662,662
665,665
712,712
732,732
741,741
747,747
765,765
815,815
817,817
836,836
840,840
841,841
862,862
863,863
905,905
909,909
931,931
938,938
958,958
986,986
995,995
1025,1025
1036,1036
1045,1045
1046,1046
1052,1052
1074,1074
1077,1077
1086,1086
1091,1091
1104,1104
1114,1114
1136,1136
1140,1140
1141,1141
1145,1145
1189,1189
1190,1190
1207,1207
1209,1209
1211,1211
1224,1224
1276,1276
1299,1299
1301,1301
1329,1329
1336,1336
1416,1416
1451,1451
1452,1452
1461,1461
1489,1489
1503,1503
1518,1518
1521,1521
1526,1526
1547,1547
1548,1548
1557,1557
1563,1563
1572,1572
1590,1590
1604,1604
1647,1647
1661,1661
1680,1680
1684,1684
1702,1702
1703,1703
1716,1716
1729,1729
1730,1730
1761,1761
1764,1764
1768,1768
1785,1785
1799,1799
1818,1818
1836,1836
1866,1866
1867,1867
1875,1875
1892,1892
1914,1914
1926,1926
1947,1947
1950,1950
1955,1955
1975,1975
2052,2052
2079,2079
2080,2080
2090,2090
2093,2093
2095,2095
2128,2128
2137,2137
2165,2165
2187,2187
2273,2273
2277,2277
2281,2281
2297,2297
2303,2303
2316,2316
2320,2320
2348,2348
2370,2370
2391,2391
2437,2437
2463,2463
2469,2469
2477,2477
2483,2483
2532,2532
2564,2564
2566,2566
2582,2582
2599,2599
2607,2607
2662,2662
2679,2679
2681,2681
2708,2708
2739,2739
2746,2746
2760,2760
2771,2771
2819,2819
2833,2833
2897,2897
2898,2898
2911,2911
2917,2917
2927,2927
2955,2955
2957,2957
2963,2963
2994,2994
2999,2999
3004,3004
3033,3033
3038,3038
3068,3068
3085,3085
3087,3087
3108,3108
3120,3120
3137,3137
3146,3146
3165,3165
3200,3200
3202,3202
3226,3226
3241,3241
3250,3250
3266,3266
3320,3320
3324,3324
3333,3333
3369,3369
3387,3387
3388,3388
3391,3391
3397,3397
3413,3413
3416,3416
3420,3420
3454,3454
3496,3496
3519,3519
3527,3527
3568,3568
3581,3581
3583,3583
3592,3592
3597,3597
3612,3612
3621,3621
3631,3631
3709,3709
3741,3741
3750,3750
3775,3775
3789,3789
3826,3826
3836,3836
3869,3869
3892,3892
3896,3896
3904,3904
3915,3915
3927,3927
3944,3944
3959,3959
3995,3995
4000,4000
4003,4003
4026,4026
4050,4050
4060,4060
4062,4062
4078,4078
4100,4100
4115,4115
4117,4117
4159,4159
4170,4170
4184,4184
4190,4190
4220,4220
4228,4228
4234,4234
4266,4266
4308,4308
4373,4373
4411,4411
4413,4413
4418,4418
4443,4443
4451,4451
4468,4468
4476,4476
4486,4486
4497,4497
4501,4501
4510,4510
4517,4517
4600,4600
4635,4635
4653,4653
4680,4680
4686,4686
4692,4692
4698,4698
4710,4710
4716,4716
4734,4734
4763,4763
4773,4773
4782,4782
4803,4803
4816,4816
4822,4822
4830,4830
4856,4856
4876,4876
4878,4878
4903,4903
4978,4978
4981,4981
4982,4982
4984,4984
4997,4997
5009,5009
5062,5062
5067,5067
5092,5092
5094,5094
5097,5097
5106,5106
5114,5114
5118,5118
5145,5145
5146,5146
5148,5148
5149,5149
5212,5212
5229,5229
5231,5231
5238,5238
5248,5248
5257,5257
5263,5263
5279,5279
5281,5281
5328,5328
5330,5330
5343,5343
5348,5348
5355,5355
5381,5381
5389,5389
5394,5394
5409,5409
5452,5452
5471,5471
5477,5477
5506,5506
5512,5512
5522,5522
5526,5526
5535,5535
5545,5545
5549,5549
5566,5566
5568,5568
5591,5591
5592,5592
5593,5593
5633,5633
5646,5646
5654,5654
5656,5656
5662,5662
5668,5668
5675,5675
5687,5687
5692,5692
5701,5701
5721,5721
5731,5731
5752,5752
5760,5760
5769,5769
5777,5777
5792,5792
5804,5804
5823,5823
5857,5857
5863,5863
5890,5890
5894,5894
5899,5899
5934,5934
5939,5939
5961,5961
5990,5990
5993,5993
6006,6006
6050,6050
6061,6061
6065,6065
6078,6078
6080,6080
6081,6081
6084,6084
6085,6085
6093,6093
6108,6108
6110,6110
6114,6114
6125,6125
6129,6129
6134,6134
6136,6136
6153,6153
6157,6157
6169,6169
6175,6175
6198,6198
6224,6224
6291,6291
6294,6294
6321,6321
6327,6327
6331,6331
6342,6342
6370,6370
6380,6380
6403,6403
6420,6420
6423,6423
6424,6424
6440,6440
6441,6441
6443,6443
6452,6452
6453,6453
6454,6454
6459,6459
6506,6506
6513,6513
6522,6522
6526,6526
6532,6532
6538,6538
6573,6573
6578,6578
6585,6585
6599,6599
6608,6608
6610,6610
6618,6618
6627,6627
6640,6640
6648,6648
6654,6654
6668,6668
6675,6675
6681,6681
6701,6701
6702,6702
6730,6730
6768,6768
6790,6790
6794,6794
6801,6801
6806,6806
6810,6810
6813,6813
6820,6820
6831,6831
6837,6837
6885,6885
6887,6887
6898,6898
6936,6936
7001,7001
7006,7006
7028,7028
7030,7030
7108,7108
7110,7110
7117,7117
7131,7131
7172,7172
7177,7177
7197,7197
7201,7201
7211,7211
7238,7238
7246,7246
7253,7253
7269,7269
7271,7271
7273,7273
7278,7278
7300,7300
7303,7303
7306,7306
7310,7310
7311,7311
7315,7315
7317,7317
7330,7330
7335,7335
7344,7344
7356,7356
7363,7363
7367,7367
7373,7373
7377,7377
7383,7383
7387,7387
7392,7392
7399,7399
7400,7400
7423,7423
7448,7448
7455,7455
7459,7459
7464,7464
7476,7476
7529,7529
7545,7545
7558,7558
7582,7582
7593,7593
7605,7605
7614,7614
7615,7615
7616,7616
7628,7628
7633,7633
7647,7647
7650,7650
7651,7651
7654,7654
7663,7663
7670,7670
7673,7673
7678,7678
7680,7680
7710,7710
7722,7722
7746,7746
7782,7782
7787,7787
7820,7820
7826,7826
7829,7829
7832,7832
7855,7855
7856,7856
7860,7860
7870,7870
7875,7875
7889,7889
7913,7913
7918,7918
7958,7958
7964,7964
7966,7966
7970,7970
7982,7982
7993,7993
8009,8009
8030,8030
8035,8035
8055,8055
8059,8059
8066,8066
8071,8071
8080,8080
8102,8102
8108,8108
8126,8126
8147,8147
8152,8152
8155,8155
8157,8157
8165,8165
8182,8182
8183,8183
8215,8215
8226,8226
8228,8228
8247,8247
8263,8263
8267,8267
8292,8292
8307,8307
8313,8313
8341,8341
8349,8349
8404,8404
8421,8421
8429,8429
8431,8431
8440,8440
8451,8451
8463,8463
8471,8471
8492,8492
8497,8497
8501,8501
8504,8504
8506,8506
8512,8512
8513,8513
8537,8537
8551,8551
8559,8559
8573,8573
8574,8574
8586,8586
8602,8602
8611,8611
8636,8636
8640,8640
8651,8651
8672,8672
8673,8673
8677,8677
8679,8679
8680,8680
8692,8692
8694,8694
8695,8695
8697,8697
8704,8704
8726,8726
8738,8738
8748,8748
8762,8762
8783,8783
8785,8785
8795,8795
8800,8800
8815,8815
8823,8823
8826,8826
8835,8835
8836,8836
8837,8837
8844,8844
8864,8864
8871,8871
8880,8880
8894,8894
8919,8919
8928,8928
8939,8939
8942,8942
8947,8947
8963,8963
8970,8970
8996,8996
8998,8998
9027,9027
9029,9029
9032,9032
9037,9037
9038,9038
9048,9048
9053,9053
9072,9072
9090,9090
9154,9154
9157,9157
9161,9161
9168,9168
9174,9174
9176,9176
9208,9208
9233,9233
9261,9261
9273,9273
9280,9280
9284,9284
9285,9285
9305,9305
9325,9325
9348,9348
9366,9366
9376,9376
9379,9379
9383,9383
9421,9421
9441,9441
9447,9447
9451,9451
9456,9456
9483,9483
9504,9504
9507,9507
9531,9531
9540,9540
9547,9547
9566,9566
9576,9576
9591,9591
9593,9593
9632,9632
9645,9645
9653,9653
9658,9658
9670,9670
9682,9682
9683,9683
9685,9685
9699,9699
9702,9702
9711,9711
9713,9713
9727,9727
9729,9729
9771,9771
9789,9789
9792,9792
9808,9808
9853,9853
9858,9858
9866,9866
9878,9878
9881,9881
9899,9899
9900,9900
9904,9904
9957,9957
9961,9961
9976,9976
9982,9982
9997,9997
10012,10012
10048,10048
10060,10060
10068,10068
10069,10069
10083,10083
10101,10101
10108,10108
10111,10111
10123,10123
10128,10128
10130,10130
10137,10137
10149,10149
10152,10152
10160,10160
10166,10166
10167,10167
10171,10171
10172,10172
10200,10200
10201,10201
10202,10202
10210,10210
10222,10222
10234,10234
10239,10239
10257,10257
10278,10278
10295,10295
10321,10321
10340,10340
10350,10350
10380,10380
10390,10390
10430,10430
10431,10431
10450,10450
10451,10451
10453,10453
10485,10485
10524,10524
10546,10546
10548,10548
10590,10590
10597,10597
10619,10619
10651,10651
10654,10654
10672,10672
10678,10678
10688,10688
10692,10692
10704,10704
10711,10711
10728,10728
10747,10747
10748,10748
10750,10750
10765,10765
10771,10771
10775,10775
10783,10783
10792,10792
10798,10798
10806,10806
10813,10813
10821,10821
10825,10825
10826,10826
10853,10853
10867,10867
10881,10881
10900,10900
10911,10911
10927,10927
10936,10936
10944,10944
10948,10948
10961,10961
10969,10969
10989,10989
10991,10991
11006,11006
11011,11011
11014,11014
11022,11022
11054,11054
11073,11073
11093,11093
11097,11097
11098,11098
11102,11102
11114,11114
11115,11115
11123,11123
11128,11128
11130,11130
11134,11134
11168,11168
11194,11194
11198,11198
11254,11254
11256,11256
11279,11279
11303,11303
11307,11307
11315,11315
11321,11321
11337,11337
11404,11404
11438,11438
11464,11464
11491,11491
11499,11499
11510,11510
11523,11523
11529,11529
11530,11530
11549,11549
11553,11553
11554,11554
11570,11570
11593,11593
11625,11625
11631,11631
11650,11650
11652,11652
11666,11666
11687,11687
11701,11701
11708,11708
11714,11714
11738,11738
11755,11755
11819,11819
11823,11823
11834,11834
11878,11878
11895,11895
11906,11906
11937,11937
12007,12007
12025,12025
12074,12074
12085,12085
12110,12110
12125,12125
12133,12133
12179,12179
12184,12184
12197,12197
12254,12254
12263,12263
12278,12278
12280,12280
12334,12334
12399,12399
12402,12402
12421,12421
12441,12441
12457,12457
12512,12512
12572,12572
12580,12580
12619,12619
12671,12671
12689,12689
12703,12703
12726,12726
12727,12727
12748,12748
12763,12763
12804,12804
12806,12806
12808,12808
12816,12816
12823,12823
12829,12829
12836,12836
12851,12851
12918,12918
12959,12959
13012,13012
13018,13018
13019,13019
13023,13023
13060,13060
13071,13071
13075,13075
13077,13077
13137,13137
13197,13197
13244,13244
13258,13258
13295,13295
13307,13307
13328,13328
13431,13431
13453,13453
13456,13456
13541,13541
13542,13542
13563,13563
13572,13572
13579,13579
13612,13612
13648,13648
13675,13675
13707,13707
13712,13712
13715,13715
13743,13743
13817,13817
13828,13828
13838,13838
13863,13863
13874,13874
13885,13885
13908,13908
13917,13917
13918,13918
13942,13942
13966,13966
13983,13983
14010,14010
14065,14065
14068,14068
14076,14076
14100,14100
14116,14116
14187,14187
14196,14196
14206,14206
14231,14231
14234,14234
14241,14241
14280,14280
14282,14282
14284,14284
14298,14298
14323,14323
14326,14326
14334,14334
14344,14344
14379,14379
14392,14392
14432,14432
14480,14480
14503,14503
14535,14535
14556,14556
14579,14579
14585,14585
14593,14593
14600,14600
14619,14619
14630,14630
14669,14669
14677,14677
14689,14689
14698,14698
14736,14736
14788,14788
14833,14833
14898,14898
14925,14925
14935,14935
14950,14950
14970,14970
15002,15002
15003,15003
15051,15051
15058,15058
15063,15063
15072,15072
15081,15081
15086,15086
15094,15094
15097,15097
15113,15113
15116,15116
15143,15143
15170,15170
15223,15223
15258,15258
15265,15265
15316,15316
15326,15326
15335,15335
15374,15374
15376,15376
15407,15407
15453,15453
15465,15465
15466,15466
15511,15511
15553,15553
15573,15573
15574,15574
15589,15589
15623,15623
15648,15648
15689,15689
15701,15701
15704,15704
15718,15718
15750,15750
15788,15788
15792,15792
15845,15845
15846,15846
15854,15854
15864,15864
15881,15881
15915,15915
15932,15932
16013,16013
16014,16014
16025,16025
16034,16034
16049,16049
16067,16067
16101,16101
16129,16129
16137,16137
16143,16143
16147,16147
16199,16199
16213,16213
16229,16229
16235,16235
16236,16236
16244,16244
16320,16320
16366,16366
16380,16380
16399,16399
16421,16421
16425,16425
16463,16463
16468,16468
16470,16470
16496,16496
16503,16503
16538,16538
16546,16546
16592,16592
16631,16631
16654,16654
16670,16670
16693,16693
16699,16699
16728,16728
16737,16737
16758,16758
16764,16764
16770,16770
16784,16784
16815,16815
16822,16822
16832,16832
16841,16841
16851,16851
16869,16869
16882,16882
16905,16905
16915,16915
16922,16922
16996,16996
16999,16999
17000,17000
17011,17011
17048,17048
17061,17061
17090,17090
17133,17133
17146,17146
17173,17173
17192,17192
17240,17240
17242,17242
17249,17249
17258,17258
17259,17259
17267,17267
17289,17289
17330,17330
17341,17341
17358,17358
17374,17374
17380,17380
17393,17393
17410,17410
17416,17416
17418,17418
17422,17422
17423,17423
17439,17439
17444,17444
17448,17448
17452,17452
17455,17455
17488,17488
17490,17490
17497,17497
17564,17564
17568,17568
17571,17571
17579,17579
17586,17586
17620,17620
17677,17677
17680,17680
17692,17692
17694,17694
17699,17699
17704,17704
17710,17710
17725,17725
17739,17739
17761,17761
17766,17766
17771,17771
17772,17772
17780,17780
17798,17798
17800,17800
17826,17826
17836,17836
17864,17864
17869,17869
17887,17887
17889,17889
17891,17891
17901,17901
17906,17906
17921,17921
17923,17923
17935,17935
17936,17936
17955,17955
17980,17980
17989,17989
17999,17999
18008,18008
18023,18023
18047,18047
18077,18077
18089,18089
18093,18093
18111,18111
18115,18115
18121,18121
18135,18135
18160,18160
18182,18182
18187,18187
18193,18193
18194,18194
18222,18222
18228,18228
18238,18238
18246,18246
18250,18250
18320,18320
18337,18337
18345,18345
18408,18408
18410,18410
18437,18437
18473,18473
18475,18475
18488,18488
18503,18503
18508,18508
18528,18528
18530,18530
18549,18549
18562,18562
18569,18569
18583,18583
18586,18586
18603,18603
18620,18620
18622,18622
18627,18627
18629,18629
18645,18645
18646,18646
18652,18652
18653,18653
18656,18656
18671,18671
18677,18677
18710,18710
18754,18754
18758,18758
18760,18760
18762,18762
18809,18809
18825,18825
18851,18851
18857,18857
18867,18867
18870,18870
18877,18877
18878,18878
18885,18885
18895,18895
18906,18906
18915,18915
18918,18918
18921,18921
18923,18923
18945,18945
18950,18950
18969,18969
18985,18985
19003,19003
19025,19025
19042,19042
19058,19058
19117,19117
19141,19141
19172,19172
19175,19175
19185,19185
19228,19228
19236,19236
19269,19269
19276,19276
19279,19279
19281,19281
19283,19283
19287,19287
19316,19316
19323,19323
19339,19339
19351,19351
19353,19353
19362,19362
19391,19391
19394,19394
19395,19395
19398,19398
19416,19416
19417,19417
19451,19451
19457,19457
19462,19462
19503,19503
19506,19506
19507,19507
19521,19521
19522,19522
19531,19531
19541,19541
19546,19546
19553,19553
19569,19569
19578,19578
19587,19587
19614,19614
19622,19622
19625,19625
19627,19627
19632,19632
19647,19647
19670,19670
19688,19688
19699,19699
19710,19710
19713,19713
19720,19720
19721,19721
19725,19725
19730,19730
19731,19731
19737,19737
19742,19742
19747,19747
19757,19757
19762,19762
19765,19765
19771,19771
19789,19789
19796,19796
19801,19801
19810,19810
19826,19826
19834,19834
19858,19858
19863,19863
19864,19864
19871,19871
19893,19893
19899,19899
19908,19908
19918,19918
19921,19921
19925,19925
19948,19948
19975,19975
19976,19976
19984,19984
19999,19999
20024,20024
20032,20032
20049,20049
20060,20060
20062,20062
20073,20073
20076,20076
20077,20077
20082,20082
20101,20101
20142,20142
20154,20154
20161,20161
20171,20171
20172,20172
20177,20177
20182,20182
20218,20218
20233,20233
20352,20352
20357,20357
20365,20365
20391,20391
20411,20411
20441,20441
20444,20444
20450,20450
20461,20461
20475,20475
20493,20493
20502,20502
20508,20508
20542,20542
20559,20559
20564,20564
20572,20572
20579,20579
20582,20582
20598,20598
20618,20618
20623,20623
20635,20635
20668,20668
20675,20675
20681,20681
20685,20685
20703,20703
20728,20728
20741,20741
20747,20747
20751,20751
20765,20765
20768,20768
20792,20792
20798,20798
20800,20800
20801,20801
20808,20808
20829,20829
20850,20850
20853,20853
20866,20866
20876,20876
20877,20877
20879,20879
20883,20883
20904,20904
20906,20906
20940,20940
20946,20946
20947,20947
20958,20958
20972,20972
20994,20994
20995,20995
20998,20998
21003,21003
21015,21015
21018,21018
21037,21037
21061,21061
21068,21068
21071,21071
21073,21073
21081,21081
21085,21085
21090,21090
21103,21103
21107,21107
21110,21110
21121,21121
21123,21123
21124,21124
21128,21128
21156,21156
21159,21159
21174,21174
21175,21175
21196,21196
21201,21201
21203,21203
21212,21212
21216,21216
21224,21224
21257,21257
21258,21258
21333,21333
21363,21363
21370,21370
21373,21373
21388,21388
21399,21399
21455,21455
21459,21459
21461,21461
21494,21494
21497,21497
21501,21501
21516,21516
21530,21530
21552,21552
21560,21560
21561,21561
21567,21567
21574,21574
21608,21608
21625,21625
21658,21658
21671,21671
21678,21678
21687,21687
21697,21697
21698,21698
21702,21702
21709,21709
21728,21728
21740,21740
21743,21743
21783,21783
21797,21797
21800,21800
21810,21810
21836,21836
21854,21854
21861,21861
21871,21871
21880,21880
21892,21892
21903,21903
21904,21904
21923,21923
21925,21925
21927,21927
21937,21937
21942,21942
21955,21955
21965,21965
21966,21966
21971,21971
21977,21977
21991,21991
22004,22004
22028,22028
22035,22035
22041,22041
22044,22044
22070,22070
22075,22075
22084,22084
22085,22085
22095,22095
22115,22115
22118,22118
22144,22144
22146,22146
22159,22159
22176,22176
22190,22190
22196,22196
22206,22206
22253,22253
22281,22281
22282,22282
22299,22299
22337,22337
22355,22355
22362,22362
22389,22389
22398,22398
22407,22407
22415,22415
22440,22440
22469,22469
22470,22470
22480,22480
22484,22484
22508,22508
22510,22510
22515,22515
22595,22595
22630,22630
22634,22634
22640,22640
22651,22651
22652,22652
22662,22662
22671,22671
22680,22680
22690,22690
22724,22724
22758,22758
22766,22766
22777,22777
22800,22800
22808,22808
22816,22816
22826,22826
22841,22841
22848,22848
22855,22855
22878,22878
22886,22886
22888,22888
22915,22915
22936,22936
22948,22948
22950,22950
22957,22957
22963,22963
22971,22971
22972,22972
22993,22993
22999,22999
23002,23002
23014,23014
23015,23015
23018,23018
23020,23020
23049,23049
23061,23061
23063,23063
23095,23095
23097,23097
23106,23106
23111,23111
23146,23146
23148,23148
23169,23169
23196,23196
23201,23201
23209,23209
23220,23220
23251,23251
23288,23288
23293,23293
23296,23296
23298,23298
23299,23299
23305,23305
23309,23309
23315,23315
23327,23327
23336,23336
23340,23340
23349,23349
23402,23402
23406,23406
23444,23444
23446,23446
23448,23448
23464,23464
23468,23468
23471,23471
23478,23478
23508,23508
23511,23511
23521,23521
23548,23548
23550,23550
23563,23563
23591,23591
23652,23652
23654,23654
23663,23663
23670,23670
23686,23686
23695,23695
23710,23710
23723,23723
23724,23724
23734,23734
23742,23742
23756,23756
23769,23769
23785,23785
23792,23792
23808,23808
23877,23877
23879,23879
23883,23883
23884,23884
23885,23885
23894,23894
23912,23912
23914,23914
23935,23935
23945,23945
23958,23958
23971,23971
23998,23998
24013,24013
24030,24030
24033,24033
24048,24048
24062,24062
24068,24068
24114,24114
24115,24115
24156,24156
24171,24171
24177,24177
24189,24189
24191,24191
24192,24192
24198,24198
24201,24201
24230,24230
24279,24279
24293,24293
24312,24312
24427,24427
24449,24449
24453,24453
24493,24493
24511,24511
24589,24589
24595,24595
24688,24688
24731,24731
24788,24788
24792,24792
24798,24798
24846,24846
24913,24913
24919,24919
24934,24934
24952,24952
24973,24973
25012,25012
25083,25083
25099,25099
25115,25115
25146,25146
25157,25157
25189,25189
25217,25217
25298,25298
25339,25339
25445,25445
25460,25460
25490,25490
25492,25492
25538,25538
25556,25556
25627,25627
25628,25628
25649,25649
25736,25736
25739,25739
25805,25805
25837,25837
25998,25998
26018,26018
26047,26047
26085,26085
26099,26099
26124,26124
26129,26129
26148,26148
26180,26180
26207,26207
26248,26248
26268,26268
26269,26269
26298,26298
26314,26314
26415,26415
26434,26434
26468,26468
26489,26489
26508,26508
26531,26531
26570,26570
26637,26637
26660,26660
26685,26685
26689,26689
26698,26698
26740,26740
26754,26754
26826,26826
26863,26863
26884,26884
26923,26923
26925,26925
26933,26933
26950,26950
26993,26993
26996,26996
27019,27019
27133,27133
27153,27153
27167,27167
27250,27250
27298,27298
27330,27330
27400,27400
27449,27449
27544,27544
27600,27600
27699,27699
27701,27701
27732,27732
27864,27864
27867,27867
27933,27933
27945,27945
28015,28015
28062,28062
28088,28088
28091,28091
28127,28127
28140,28140
28145,28145
28152,28152
28164,28164
28191,28191
28230,28230
28267,28267
28268,28268
28314,28314
28345,28345
28353,28353
28375,28375
28413,28413
28421,28421
28434,28434
28507,28507
28512,28512
28543,28543
28554,28554
28563,28563
28668,28668
28696,28696
28731,28731
28738,28738
28757,28757
28884,28884
